
strategic_region={
	id=149
	name="STRATEGICREGION_149"
	provinces={
		830 940 1666 1672 1696 1707 1727 1748 1761 1762 1792 1795 1810 1824 1826 1829 1844 1863 1895 1899 1902 1906 1930 1937 1941 1988 2010 2023 2041 2043 2053 2060 2076 2078 4675 4677 4694 4703 4705 4716 4719 4721 4726 4729 4733 4737 4752 4762 4766 4768 4777 4786 4793 4795 4797 4798 4815 4821 4828 4832 4835 4837 4839 4855 4856 4868 4890 4896 4905 4912 4925 4935 4939 4940 4964 4979 4981 7725 7726 7736 7746 7751 7759 7772 7786 7816 7817 7828 7838 7844 7854 7860 7889 
	}
	weather={
	}
}
