
strategic_region={
	id=151
	name="STRATEGICREGION_151"
	provinces={
		1369 1674 1676 1679 1697 1702 1718 1726 1733 1735 1741 1765 1768 1777 1779 1780 1784 1790 1797 1803 1813 1816 1834 1837 1876 1877 1892 1918 1924 1931 1936 1940 2011 2027 2062 2074 4366 4680 4681 4687 4690 4695 4708 4724 4730 4734 4743 4750 4772 4781 4782 4785 4800 4803 4808 4817 4818 4823 4831 4840 4842 4850 4853 4858 4878 4895 4920 4922 4929 4936 4937 4949 4956 4960 4977 7274 7680 7701 7703 7707 7713 7731 7744 7750 7757 7769 7781 7789 7802 7804 7805 7819 7825 7841 7863 7876 7886 7902 
	}
	weather={
	}
}
