2 2 1025 7110 
4 4 1052 900 3955 6904 
3 2 1182 5553 
3 10 1185 4075 5467 4529 2149 4568 1990 4496 7531 7492 
2 2 1445 5756 
2 2 1509 4711 
2 2 1534 1806 
1 2 1646 7797 
3 2 2089 7864 
1 2 2213 5144 
1 2 2229 4236 
2 2 2546 1117 
1 2 2568 1025 
2 2 2587 1136 
1 2 2676 4740 
2 2 3834 853 
2 2 3878 6882 
1 2 4073 2515 
2 3 4073 7011 3996 
2 2 4236 4879 
3 2 4345 3778 
1 2 4692 1534 
1 2 4696 1833 
3 2 4711 5231 
2 2 4759 1752 
2 2 4882 4739 
1 2 5172 4218 
1 2 5993 3262 
2 2 6063 2235 
2 2 6063 689 
2 2 6785 2225 
2 2 6855 2677 
2 2 689 6890 
3 2 6984 3957 
1 2 7072 1136 
2 2 7072 2587 
1 2 7110 5606 
2 3 7125 848 3852 
4 5 7125 7204 4103 7121 4056 
1 2 7576 1468 
2 2 7878 2046 
2 3 1092 5507 2568 
2 3 1534 4811 4740 
1 3 1562 2215 7882 
2 3 1572 1584 7388 
2 3 1653 3883 4975 
3 3 1664 6987 5061 
1 3 1688 5106 5144 
2 3 1715 7422 492 
2 3 1788 3721 4872 
2 3 1827 7780 4723 
2 3 1866 5652 1957 
2 3 1921 4906 1827 
2 3 1925 4586 4740 
1 3 1939 5196 5210 
2 3 2046 1443 1596 
1 3 2046 2003 1728 
2 3 2199 5090 4358 
1 3 2546 5447 5524 
2 3 2695 2698 964 
3 3 3588 5783 5772 
1 3 3668 3682 3672 
2 3 3960 3875 3972 
2 3 3960 5687 5001 
2 3 3962 7532 5102 
4 3 4052 912 6981 
1 3 4218 7653 1172 
1 3 4235 1266 5117 
1 3 4464 7668 7480 
1 3 4569 1621 4692 
2 3 4569 4625 7797 
1 3 4569 5170 1534 
1 3 4572 7652 5116 
2 3 4692 1352 4740 
2 3 4711 4822 4696 
1 3 4860 4900 4866 
2 3 4865 4914 2047 
2 3 4882 4728 7787 
2 3 492 4991 7480 
2 3 4975 4834 1921 
1 3 5010 7892 7705 
1 3 5102 5006 2162 
2 3 5116 7582 4506 
1 3 5153 5056 5694 
1 3 5160 4469 1939 
1 3 5199 2083 191 
3 3 5231 1897 5144 
2 3 5553 7157 7087 
2 5 5561 2543 2577 2611 4616 
1 3 5756 1582 913 
2 3 6696 1881 1595 
2 3 6845 3824 6984 
2 3 6882 3863 6845 
1 3 6994 5667 3962 
2 3 7072 2531 7212 
2 3 7087 2482 5450 
4 3 7125 5498 4052 
2 3 7202 1547 2573 
2 3 7212 2599 1092 
3 3 7315 2365 5223 
2 3 7552 1453 5094 
2 3 7552 7524 4464 
1 3 7607 4767 5231 
2 3 7859 2147 2177 
2 3 7882 7719 853 
1 3 853 1793 2672 
1 3 913 7791 4358 
2 3 957 664 2393 
1 4 1132 4168 6943 788 
1 4 1180 2063 4995 4604 
2 4 1330 2453 4336 1403 
2 10 1330 5416 5273 5201 1650 7034 4202 2178 1492 7562 
2 4 1402 4461 7776 3867 
2 4 1408 4428 5410 7315 
1 4 1454 2477 1431 7669 
1 4 1468 4556 1897 5144 
2 4 1572 2208 1480 2573 
2 4 1595 1604 7626 4569 
1 4 1595 4531 5799 6063 
2 4 1595 831 2702 6855 
2 4 1664 2019 1723 5038 
1 4 1715 1598 968 4358 
2 4 1715 5375 4504 2085 
1 4 1814 4804 1935 1944 
1 4 1814 4804 7692 1801 
1 4 2012 7849 1781 4948 
2 4 2047 1789 4942 5852 
2 4 2085 1987 4873 7797 
3 4 2097 3795 1600 5465 
2 4 2197 5195 2203 2211 
1 4 2199 7583 860 492 
2 4 2368 3513 4328 4274 
2 4 2500 1091 2588 7186 
1 4 2672 4799 4657 5153 
2 4 2695 916 4642 4572 
3 4 3778 3635 3661 6510 
2 4 3834 7920 5044 1653 
2 4 3960 4467 5015 5212 
2 4 3960 5022 1927 1664 
2 4 4236 7605 5203 1509 
2 4 4272 1874 1230 7607 
1 4 4272 1874 7872 5199 
2 4 4274 4347 4331 3588 
2 4 4345 4417 5235 7433 
2 4 4518 5630 941 5153 
2 4 4739 6726 515 3010 
2 4 4740 4586 1738 1921 
2 4 4866 4863 7883 4759 
2 4 4872 3721 3481 4739 
1 4 4926 4824 2031 4975 
1 4 4926 7821 1683 2672 
2 4 5094 5132 4510 1646 
1 4 5130 3925 2711 788 
1 4 5153 2275 4727 7882 
2 4 5212 2244 1927 1664 
3 9 2064 2479 2555 1028 7073 2520 2574 7144 5525 
2 4 5683 6909 5675 3878 
1 4 5694 2704 7517 1562 
2 4 5810 3677 6699 5772 
1 4 6063 695 691 6710 
2 4 6696 1783 2007 5756 
2 4 6696 6974 1860 2085 
2 4 6710 722 749 2795 
2 4 6732 3906 2668 5683 
1 4 7138 7083 2512 1132 
2 4 7169 2508 3848 6994 
2 4 7315 7386 5288 2368 
2 4 7552 1453 1643 1528 
2 4 7656 5225 4300 1319 
3 4 7864 2004 7874 2097 
1 4 853 7747 6897 4926 
1 4 957 810 6811 973 
1 4 964 3783 6851 1150 
2 5 1182 1097 2626 2566 2546 
2 5 1528 2180 6968 5687 3960 
2 5 1715 1587 4645 7464 7797 
2 5 1866 4807 4664 5205 2235 
1 5 1866 5652 1867 3750 1747 
2 5 1948 5127 1828 2035 4696 
2 5 1957 3855 3613 4760 4723 
1 5 2050 1382 2025 1969 4972 
1 5 2196 7622 1312 4270 7686 
3 5 2277 4424 7427 4412 5259 
2 5 2587 4142 4172 7102 5524 
2 5 2695 5684 930 4561 4506 
2 5 3588 6665 3471 5419 4274 
2 5 3775 6797 5898 3605 4345 
2 5 3852 959 6822 898 6944 
2 5 3957 873 3823 2662 5130 
1 5 3957 951 2647 5202 7646 
2 5 3960 2082 7834 1618 1806 
1 5 4506 1588 1933 7832 4725 
2 5 4569 5085 7611 5799 6063 
2 5 4740 2676 7762 2055 3972 
2 5 5001 7485 2099 4444 1646 
1 5 5130 5620 2140 5482 7138 
2 5 5212 2174 4884 2042 6785 
2 5 5450 7187 4172 4142 2587 
2 5 5450 7187 5543 2566 2546 
3 5 5772 6699 6694 6876 4518 
2 5 6063 2860 7306 4770 1957 
2 5 6063 5795 6769 722 3775 
2 5 6890 882 3687 6707 2795 
4 5 6981 3970 3895 5650 2695 
2 5 7202 5527 7012 4491 7138 
1 5 7607 1230 1874 7872 5199 
1 5 7642 5439 2286 4390 4608 
1 5 7646 7466 4627 1907 5756 
2 5 7798 4776 1256 1270 1319 
2 6 1117 2610 4067 1063 5660 6994 
2 6 1572 2238 1433 2117 5027 2199 
2 6 1843 5682 5037 866 2144 1572 
2 6 2047 7888 1916 2015 4843 4723 
2 6 2235 926 1760 3699 1719 1866 
2 6 2368 3513 2399 7865 2030 5852 
2 6 3653 772 654 5846 1530 1599 
2 6 3878 6911 3806 5163 7345 4345 
2 6 4102 1183 2547 2614 4164 7110 
4 15 2515 1155 2571 4161 4088 4206 1201 1065 2620 792 1108 5480 1088 2532 2113 
2 6 4692 4757 1753 1999 1904 1827 
1 6 5116 5712 5016 6811 810 957 
2 6 5212 1500 2267 4507 4535 7552 
2 6 6063 5824 870 659 3853 2677 
2 6 6063 6737 1527 4590 7449 4692 
2 6 6063 6737 5150 1678 5646 1957 
2 6 7642 4434 4621 1425 4406 7381 
2 6 3668 4463 7624 4458 7495 7661 
2 7 1182 4188 4100 7016 4118 1024 7169 
2 7 2199 638 5149 1485 4653 4491 7138 
4 37 2695 6951 5680 6837 3900 1052 5495 4137 1084 1069 4071 1124 1029 4082 4001 1089 2621 996 7120 7191 2563 7146 1195 4070 1166 1006 4053 1078 1120 1202 1047 7152 1087 7039 5466 4023 1018 
2 7 4692 1352 2536 4814 4586 1738 1921 
2 7 4725 4792 7801 1850 2321 4805 2393 
2 7 5223 1859 2458 3781 6742 7779 4860 
2 7 6845 6869 2686 847 3850 880 2677 
1 7 7787 4765 4877 4343 7853 1858 1408 
2 8 1136 5569 5506 1167 7145 1191 7050 2568 
2 8 1814 4804 1935 7783 1713 7887 1565 4543 
1 8 3010 6754 1347 7761 1737 7853 1858 1408 
2 8 3668 6701 700 6748 3726 6758 2747 5729 
2 8 4345 4417 5235 5396 2356 1282 4342 4285 
2 8 4506 2107 4876 4845 4745 7743 4719 4677 
2 8 4601 5715 7528 801 5624 6823 6929 3957 
2 8 4723 4843 4697 1815 1894 1851 1961 4860 
2 8 4860 1995 4857 7880 1767 6722 1836 1752 
2 8 4865 4801 1991 1798 850 4799 4657 5153 
2 8 5223 1690 1832 4838 1854 1857 4900 4866 
2 8 6063 6737 2860 1560 5205 4664 4807 1866 
2 8 6510 6012 1299 4869 1782 4688 4875 4872 
2 8 7798 1985 7755 1667 5088 4732 2147 2177 
1 9 1599 2745 1539 2778 2804 4477 4614 1536 7661 
1 9 1921 5703 868 1658 6887 1756 4742 4773 4865 
1 9 2177 7520 5152 4478 4658 5020 2134 5118 7564 
1 9 4725 7763 1888 4744 7851 2037 4939 7725 4677 
3 9 4865 4801 4902 7827 4736 5125 2756 710 5772 
2 6 5729 6620 3055 6054 6486 6516 
1 9 7202 7012 7134 2613 7083 7045 2687 6943 788 
3 9 7408 5311 5347 2407 5131 7572 7353 7492 1488 
1 10 2177 1537 5120 2212 4127 2114 7577 5211 5225 7656 
2 10 2795 734 3733 3702 5776 1436 5788 3806 6911 3878 
4 29 1185 2605 5542 4397 2280 7280 1302 4379 5248 5433 4255 1300 4334 4405 5404 1285 2374 5331 2348 4401 1396 2292 7376 7319 5393 5441 1244 7225 7408 
2 10 7433 1284 2288 4362 7379 4432 1424 7304 7644 7361 
2 10 7564 7535 7522 4481 2271 7651 5048 5082 4560 7566 
2 12 6510 6032 2301 1970 602 777 4688 4775 7899 1769 4875 4872 
1 13 7656 4295 7679 5197 1241 2191 4234 7632 4256 1526 4217 2157 1652 
3 18 5259 1376 2362 7342 1291 2438 7236 4371 1337 4312 2379 1281 1308 4388 2357 2460 1427 7408 
4 47 2515 5547 2583 7091 4076 4145 1071 2624 747 738 730 726 724 5455 4136 461 5560 7082 1204 4151 2484 5453 2591 4120 1127 1198 4057 2491 5457 5514 4047 1041 1118 5575 7209 4194 1149 1189 2524 2589 7005 5530 2619 7162 5475 2576 5558 
3 17 1198 4200 4133 5577 627 626 1060 5078 2528 658 7148 753 5448 992 7117 1568 5525 
3 6 4133 613 612 919 7206 4136 
3 2 461 1130 
2 3 992 242 3996 
3 6 4076 7164 3996 4055 1068 5525 
2 11 4073 2549 4143 7188 7030 5528 1151 2498 1064 1717 2555 
1 2 7188 5525 
2 8 4073 5610 2618 5549 1015 7176 1086 4206 
1 5 5610 1112 5469 2496 1015 
3 10 792 4111 7184 5159 2265 2013 901 4439 4555 5465 
2 5 4439 1634 1606 7671 2113 
1 11 1015 4017 4591 235 4440 1631 218 4951 4667 201 7864 
1 5 218 211 203 1498 3795 
2 17 7739 2089 5005 5089 7715 4442 1458 1986 1585 1712 1477 4436 7857 5073 7573 1521 2250 
1 12 5073 1703 1794 1555 4492 7907 4553 4609 4901 4473 2148 1536 
1 8 2097 1475 829 5050 7815 7704 4986 4553 
1 2 7890 1458 
1 7 7890 1889 4891 1673 7917 1179 3456 
1 7 4555 4540 5014 1822 1463 2071 4553 
2 28 6948 6092 7018 3981 6935 3902 6866 6107 6208 6130 6055 6155 58 6888 173 6111 6848 7009 6173 6927 6038 3183 3105 133 3136 6160 4021 6115 
1 2 3022 6038 
1 11 122 3114 3862 3129 3049 6864 6072 7037 4105 6854 6115 
1 2 6633 6864 
1 2 3049 6176 
1 2 6055 192 
1 2 4065 6130 
1 3 2995 6991 3981 
1 3 4095 4037 7018 
1 2 64 4037 
1 2 7035 7018 
1 13 3060 6969 6852 6186 3061 204 67 3979 6108 3083 169 3117 32 
1 6 6852 3909 3050 6150 3187 3133 
1 14 3137 32 3119 63 6198 195 132 3125 3932 193 3068 7019 3030 3133 
1 3 3137 6898 67 
2 3 6361 6257 6389 
2 2 3277 6364 
2 2 399 3277 
2 3 3232 317 6389 
3 15 6470 3610 321 6185 3340 349 6282 6390 6309 6672 6260 3222 3416 6734 362 
4 11 3277 332 3232 3231 3368 6361 6470 6637 3841 375 456 
2 5 6287 6393 3260 3325 3277 
5 2 6521 450 
5 2 6521 460 
5 2 6521 455 
5 2 6521 456 
3 3 6282 3207 460 
4 9 460 6114 3097 3438 6595 552 5907 6512 6053 
2 5 3438 3473 6236 6188 6672 
4 8 455 3499 3522 6218 6377 3271 3326 241 
4 12 241 3248 3528 6439 6336 3314 391 3211 5993 3262 6598 6560 
3 6 3262 6496 6500 2886 5964 587 
3 4 6496 3011 6241 391 
3 5 6241 6258 3512 6469 587 
4 7 6469 495 6535 5978 405 3395 6377 
3 6 6258 6157 6663 3737 336 241 
4 5 6469 6570 529 6444 6488 
4 4 6488 3574 6568 5972 
4 4 5972 2956 708 692 
3 4 692 3705 571 2906 
3 6 2906 5921 869 3474 6076 3535 
3 3 5921 6594 6488 
3 5 3535 2976 514 478 3097 
4 3 514 6441 450 
3 7 6488 3397 5962 3500 425 6487 3522 
3 3 3535 6501 425 
3 16 6568 3530 6542 6712 2807 3679 6934 5823 6693 5825 707 6725 532 3541 586 3474 
1 2 692 5825 
1 2 571 3541 
2 9 3530 3558 563 2917 5903 3045 2989 3547 587 
2 3 6444 3423 5903 
3 4 3326 6349 6325 6361 
3 7 3045 6583 6132 6069 3516 516 6560 
3 3 2886 2930 3516 
3 6 362 3380 6402 6332 395 348 
1 10 3380 3351 6397 6375 6238 3179 6457 3384 281 348 
3 2 348 3288 
2 12 2914 3579 6449 5928 2940 5959 6572 3552 542 6536 5977 2994 
4 9 2732 2883 5879 446 2842 2827 2994 503 3495 
4 9 6560 6446 447 2903 5991 3078 485 2885 5900 
5 2 575 447 
2 4 2914 6599 6093 485 
2 3 5928 527 503 
2 2 6599 553 
4 4 5900 553 3509 3495 
3 7 447 2973 2838 3447 6026 3560 5291 
2 4 3078 454 3402 3447 
1 2 6657 446 
1 2 5744 2883 
1 7 5744 6762 743 2758 2755 2413 6766 
3 3 5291 2966 6698 
2 2 3560 6132 
2 10 5291 5918 2952 3629 549 5987 6529 678 698 6698 
1 2 3629 2917 
1 2 5987 6542 
1 2 678 2807 
1 3 2966 2932 3629 
3 7 6698 5833 817 3650 641 5886 6613 
3 4 817 3652 3669 6000 
3 4 6000 3506 5758 5963 
3 6 2966 5983 6545 1119 2902 3402 
2 3 6000 2719 6545 
3 4 5963 2947 5916 3402 
3 3 5963 3549 5900 
3 4 2947 5947 6569 485 
2 5 2947 2963 6949 551 1119 
3 9 5963 5980 512 3493 2814 3671 3659 655 446 
1 4 3509 2998 5997 3671 
3 4 2732 6775 2750 6766 
3 12 6766 943 5760 6962 760 2743 2642 2658 2664 911 3928 5633 
3 7 2658 958 2741 762 780 3589 5886 
2 8 6613 2853 3594 5735 769 3754 2744 6962 
2 8 2883 6792 3598 620 3626 651 669 3671 
2 6 620 6618 5883 2873 5860 3594 
2 3 3754 6773 6618 
2 5 3493 6688 2834 5858 3594 
3 4 5633 2634 3772 6788 
3 3 6780 770 2634 
1 6 6780 611 778 2877 6784 3589 
3 4 6780 3782 776 3780 
3 6 6788 6973 3976 5730 6790 3780 
3 2 6606 5730 
2 4 495 6070 564 5962 
2 3 5921 6555 5972 
3 4 271 221 3209 6103 
3 4 3501 931 3436 6103 
3 3 6050 507 6103 
1 3 6050 3032 3501 
3 5 6050 6489 3422 3463 540 
3 3 3369 6007 3463 
3 4 3369 6221 6818 6103 
3 3 6221 6270 6632 
2 3 3369 6378 377 
2 7 377 407 3274 6363 6256 3205 6384 
3 3 6632 3301 3205 
3 8 271 322 3287 296 6467 3353 6800 3628 
3 4 296 3785 3209 6103 
2 4 6632 3688 364 6800 
3 5 6384 6318 6209 6705 3628 
3 9 3628 3545 3725 351 3624 3200 6179 6200 3273 
3 9 6384 6335 6399 3437 3842 6313 6821 6395 3273 
1 4 3301 6301 253 377 
2 3 6300 6200 3273 
1 7 3273 6385 3913 6046 6104 3159 427 
3 8 3780 773 3776 603 3604 2864 628 6626 
3 3 6606 2717 3776 
2 7 603 5878 2845 5842 2823 673 5825 
2 9 628 5854 6673 3674 6687 653 5829 5820 2787 
1 5 707 688 3675 668 3674 
3 6 532 732 6723 6552 5956 2787 
1 5 688 3684 2797 704 2787 
3 7 6973 6946 2665 6875 6862 2707 5640 
3 5 6946 5635 2635 782 6606 
2 4 5635 5653 3885 6862 
2 3 5640 5702 3885 
2 5 782 5623 967 6926 5702 
2 11 967 925 5678 6831 3966 6939 883 6843 5708 2663 2556 
1 3 3968 5668 2663 
3 5 5640 2660 923 5688 819 
1 8 819 955 851 3968 5529 3901 2501 5562 
1 8 1156 3857 5490 7059 7147 1009 4014 4159 
1 3 923 963 6831 
1 3 851 3958 6843 
1 2 4159 1156 
1 5 2693 902 2705 5663 6891 
1 13 7005 5481 3987 5614 1429 182 1967 1126 250 249 168 4933 7808 
5 22 7069 5494 1194 5544 4097 1111 989 4116 7132 2617 1013 5593 1145 2604 7166 4046 5485 2513 7081 1160 4163 5558 
1 6 1429 7149 7033 1128 4146 5593 
1 3 1111 4154 4933 
1 4 7808 5464 5534 7069 
1 16 3987 5570 4992 264 285 2603 295 4117 1457 244 383 7777 251 254 255 4133 
1 3 1149 4051 285 
5 12 758 2746 885 740 3816 5723 6906 5533 5576 7183 794 885 
5 4 5533 888 3938 885 
3 12 514 573 3138 3462 583 3553 3569 2937 541 6561 3731 5821 
3 5 6076 3585 6418 2908 3462 
2 4 6418 6592 5283 532 
2 4 3569 6562 3414 6053 
2 3 3569 557 5956 
1 4 6418 5936 2926 6552 
1 4 3462 494 3485 5907 
3 4 2787 686 5804 5821 
3 13 3731 6751 3730 746 2777 5809 676 6679 2839 637 818 6658 5851 
3 10 5821 684 2803 646 5861 3649 2793 3630 2861 818 
1 6 5820 3670 6685 2835 6670 2803 
2 5 2803 699 2791 6735 3730 
1 5 2803 6682 5834 2820 676 
3 10 746 5779 727 5930 6584 2915 5769 723 6729 6706 
3 4 5851 674 2810 6706 
3 7 6706 3704 3701 6727 439 2782 431 
3 9 5930 577 3407 414 6600 2748 2769 5796 6727 
2 8 3701 687 5836 657 2846 5709 5627 5642 
2 3 723 565 2748 
2 7 3630 2706 965 949 935 6857 6990 
2 7 949 3971 6982 6952 6814 5648 5642 
2 10 818 5857 3819 6952 6923 893 5704 6990 3936 2670 
1 4 6658 5855 649 5709 
2 17 6626 599 5845 6650 3601 6611 984 3974 3924 2671 6889 5689 5696 5713 5629 3884 2697 
2 10 2697 914 5698 5628 2552 1205 976 1109 3988 4109 
1 2 3943 984 
2 9 6650 3592 3596 624 5881 6647 2872 2868 2863 
2 3 3592 2867 624 
2 9 6611 5888 6983 2878 6799 606 797 5877 2863 
1 5 2803 6643 2684 3614 2863 
1 3 2835 5859 6647 
1 5 5829 2815 665 5856 2867 
2 7 5877 3956 3939 6940 5673 2700 5629 
1 5 6940 5657 2667 907 935 
1 7 907 3833 974 2656 6900 3448 2697 
1 5 3833 936 3844 3973 3864 
1 3 2670 5401 3844 
1 2 3864 976 
1 5 5698 3914 3980 966 3844 
1 4 3980 2685 863 976 
1 7 2582 4178 7096 3988 7211 4193 1173 
3 13 6053 6464 6117 3054 3497 562 3458 6511 3544 6259 6321 6347 6397 
3 10 3438 444 3532 6558 17 2933 493 5979 6164 3544 
2 4 6321 3230 6401 2933 
2 5 6672 3745 279 243 6401 
1 4 362 389 3324 279 
3 10 3497 6499 6522 5995 6031 2979 491 3062 3562 3407 
3 9 2979 536 6580 6059 2992 5933 402 524 3544 
1 4 6238 6476 3182 402 
2 5 3731 5941 3581 3410 6499 
1 5 6053 5927 581 3550 3581 
1 6 3581 6604 2913 5912 6571 5779 
1 4 5912 6123 2901 3562 
1 4 2992 6484 3559 3458 
5 2 6380 598 
5 4 6380 593 6211 6666 
5 5 6380 594 301 3290 3441 
5 4 6380 597 3391 3327 
5 3 598 3259 344 
5 12 6666 3813 344 3358 6623 3327 6348 6290 6662 3441 6827 3243 
5 2 6666 3243 
4 4 344 6764 6245 333 
4 11 333 3176 3101 6880 4066 7022 3892 70 6863 4035 149 
4 4 589 569 538 149 
4 3 4035 79 6174 
2 25 6174 6977 3876 104 126 4640 3036 3954 3063 3152 567 83 3174 3638 6475 6817 6425 6222 3525 6322 3296 3319 6739 6314 3288 
3 3 538 4041 70 
1 2 4041 70 
1 2 3060 589 
3 3 589 556 6174 
4 2 589 3151 
2 6 126 6945 6147 3859 6324 3162 
2 6 3162 6778 207 387 323 3808 
2 10 3808 6466 6249 6326 3219 6459 310 7482 5230 6425 
1 5 6408 6178 6996 496 3152 
1 5 7482 3836 3612 6006 6408 
1 4 3836 3298 415 3859 
2 5 3219 233 3419 6636 3320 
2 6 281 6407 6360 6296 327 3320 
1 5 6222 265 530 6229 6360 
2 9 6649 6344 6233 6646 342 3453 294 3223 3845 
1 5 3808 3839 6354 3723 6233 
1 6 3309 6306 3256 2921 6546 2992 
1 7 3179 3253 347 318 6359 6617 6825 
2 4 3320 6413 6825 3845 
1 2 3309 6617 
2 12 6546 5969 474 572 6557 6509 3511 3570 6593 441 3543 525 
1 3 3562 462 6509 
1 4 488 3452 409 6597 
1 3 431 3738 6597 
1 4 488 2920 5934 2892 
2 2 525 2892 
2 5 2892 489 3568 546 6649 
1 7 6597 3108 6480 6010 2997 5949 3511 
1 4 3845 360 386 331 
1 19 6597 2905 574 2740 3573 767 6596 3399 472 486 3003 3508 6578 3557 6140 559 6495 3468 3452 
1 7 767 737 568 3722 6724 705 3686 
1 4 3722 5765 5802 5800 
1 8 6596 3767 429 6776 6474 6493 6106 6136 
1 2 574 2887 
1 2 3121 3399 
2 9 6140 3001 522 6565 2896 3225 288 3306 3335 
2 9 3335 3226 352 6243 3297 306 3362 3641 3839 
1 4 546 6589 238 3225 
3 17 3003 6530 6554 3409 6517 5971 6577 5899 6477 3318 3346 3199 3250 6315 6262 6396 6290 
2 11 6554 418 6481 6543 3580 3800 3591 6276 6195 6411 3335 
2 5 3800 3662 302 356 3346 
2 12 6554 5952 3491 6519 6019 6003 3006 484 449 3128 585 6136 
2 8 3128 3464 6490 6503 6023 6527 5986 3529 
2 12 3318 413 6317 3527 6553 3504 6528 3024 6454 579 3582 3529 
3 5 3327 274 3227 3345 352 
2 2 3227 3763 
2 9 6623 366 3445 3375 6264 3235 6653 3815 207 
1 4 3375 6412 3215 6245 
2 9 6264 6813 8 6844 6154 71 117 6197 79 
2 4 3763 3279 287 6264 
2 6 3227 3620 382 3308 3396 6262 
1 5 3504 437 6591 547 6019 
1 17 6136 3093 2889 765 3752 3734 5784 3717 6736 5791 714 2774 731 6718 6733 5830 3672 
1 4 3734 2721 6741 5800 
1 9 6490 3141 5895 3777 6765 5761 2762 5777 731 
3 2 3529 490 
3 4 6527 526 498 2983 
3 5 3582 6602 2972 3503 6516 
3 3 490 465 2972 
3 2 465 520 
4 22 6602 6506 6021 6539 3578 483 3599 3237 3161 6146 6248 6291 6465 376 3238 3257 6216 397 3571 283 350 3441 
3 3 6486 6516 520 
3 4 520 2983 469 3529 
1 2 2983 498 
3 11 413 6369 6426 6576 3044 471 313 3332 6353 6382 6146 
2 7 4041 152 6874 6959 3163 4015 3085 
4 36 3085 129 6056 3077 4080 231 3856 121 3220 3116 6135 6756 3812 6370 6184 3208 3691 6462 3383 3282 6749 3315 6338 372 3427 3382 3514 6628 3831 6812 6255 6339 6502 3073 6096 483 
4 5 6666 6271 3240 346 3116 
3 51 6096 6601 3490 6574 5929 2912 5957 2938 3502 3563 4322 1254 4294 7341 5344 7281 7233 4340 4369 1694 1391 1709 4712 4366 1733 7825 7274 7757 7886 4920 4724 1834 1931 1876 7841 4750 4772 7769 1899 4896 7828 7726 1941 2043 4795 7889 2010 4821 7691 1878 7851 
1 13 4772 4815 2041 4964 1762 4837 4979 1902 1696 7860 4729 7786 4677 
1 11 372 3365 228 6323 6388 6278 2337 1365 390 4372 7375 
1 10 4372 2360 361 3280 7320 5443 1962 4242 1292 4369 
1 3 1962 7285 6640 
1 2 5443 1821 
2 7 3490 6430 470 6588 5940 2927 6030 
2 15 6030 3012 6615 6058 642 475 5299 7641 795 2131 5052 7635 4599 5008 2250 
2 11 2250 7491 5182 5129 1649 5071 1623 1554 7501 4893 1459 
1 9 7501 4636 7597 5011 4277 1272 1360 5371 5344 
1 10 1733 1797 7708 4661 5349 4764 1239 2198 2104 5011 
3 7 3338 3075 4008 4079 4040 6193 3166 
3 13 3166 3079 84 3164 174 4005 3175 6928 3849 6143 6868 3905 121 
1 5 5791 6692 2788 672 654 
1 2 6944 973 
4 34 6904 1137 6828 7000 4032 1169 5567 2499 7129 4010 7126 7540 7459 4009 7625 7167 4619 1036 1640 7097 2241 5572 4125 1023 5142 1597 7650 7137 1018 5548 7093 1157 4119 1185 
1 2 6904 5676 
2 3 1069 5518 2499 
2 6 7167 7637 4203 1083 1146 2621 
1 7 2241 4156 4183 7172 4113 1066 4070 
3 2 7071 4053 
3 3 7146 1096 5585 
3 3 1047 7108 5499 
3 5 7039 2570 7135 4160 1070 
1 3 3992 4083 7172 
1 3 3992 1628 7637 
1 2 1489 6904 
3 2 7376 7432 
3 8 4397 1362 1390 4511 2232 2217 4582 2407 
2 11 2277 5245 4367 2307 7399 4355 2383 7329 1279 2450 7236 
2 3 7342 4310 7329 
2 7 2460 4392 1385 1315 7295 2457 1403 
2 4 1403 2341 1253 1488 
3 29 1488 7675 7647 7603 2061 1170 7562 7469 2122 5051 1581 5004 7634 2161 5126 5103 7565 7475 5177 4516 1569 2005 1655 1670 5055 2443 5086 4587 2086 
2 6 5201 1333 1014 2488 1142 5561 
3 3 1609 5487 4245 
3 34 5487 4204 7220 1059 1538 5119 5611 1579 2098 1622 7465 2468 1275 4365 1430 5418 2403 5280 5421 2420 5319 7778 4547 2437 1412 5357 4278 2476 7250 2285 5355 2401 5289 1349 
3 3 1609 4616 5103 
2 14 2285 2439 5063 5246 7060 4072 5537 7150 2593 5583 4064 1147 4003 3456 
2 2 7856 2437 
2 7 2468 4472 7738 5104 5302 4573 2476 
1 6 2098 4557 4883 5526 7430 5246 
2 9 5055 5040 5096 4953 2561 2105 2492 7771 2593 
1 3 4883 1626 4953 
2 10 4003 4110 7084 1971 4407 4488 4617 4679 2032 2086 
1 6 2086 2054 1908 4149 1438 4064 
