1 8 
1 32 
1 70 
1 117 
1 121 
1 195 
1 203 
1 207 
1 249 
1 279 
1 281 
1 285 
1 306 
1 310 
1 321 
1 362 
1 382 
1 391 
1 402 
1 439 
1 495 
1 512 
1 514 
1 516 
1 541 
1 587 
1 620 
1 657 
1 658 
1 673 
1 676 
1 688 
1 692 
1 730 
1 740 
1 747 
1 758 
1 762 
1 794 
1 819 
1 885 
1 925 
1 949 
1 963 
1 974 
1 976 
1 992 
1 1015 
1 1025 
1 1041 
1 1060 
1 1071 
1 1111 
1 1119 
1 1130 
1 1198 
1 1429 
1 1712 
1 2064 
1 2097 
1 2113 
1 2250 
1 2518 
1 2520 
1 2555 
1 2576 
1 2664 
1 2670 
1 2748 
1 2787 
1 2803 
1 2807 
1 2835 
1 2845 
1 2863 
1 2864 
1 2867 
1 2906 
1 2908 
1 2915 
1 2917 
1 2930 
1 2932 
1 2947 
1 2973 
1 2979 
1 2992 
1 2994 
1 3045 
1 3105 
1 3133 
1 3151 
1 3152 
1 3179 
1 3208 
1 3230 
1 3243 
1 3273 
1 3335 
1 3375 
1 3379 
1 3402 
1 3438 
1 3497 
1 3500 
1 3509 
1 3522 
1 3535 
1 3544 
1 3552 
1 3560 
1 3562 
1 3569 
1 3581 
1 3594 
1 3630 
1 3652 
1 3671 
1 3730 
1 3763 
1 3776 
1 3780 
1 3785 
1 3808 
1 3812 
1 3813 
1 3816 
1 3859 
1 3938 
1 3958 
1 3979 
1 3980 
1 3987 
1 4076 
1 4133 
1 4151 
1 4439 
1 4492 
1 4553 
1 5005 
1 5050 
1 5073 
1 5525 
1 5533 
1 5576 
1 5629 
1 5633 
1 5635 
1 5640 
1 5642 
1 5723 
1 5779 
1 5821 
1 5829 
1 5851 
1 5888 
1 5907 
1 5972 
1 5979 
1 5987 
1 6000 
1 6093 
1 6103 
1 6115 
1 6179 
1 6209 
1 6245 
1 6258 
1 6262 
1 6276 
1 6282 
1 6290 
1 6318 
1 6332 
1 6377 
1 6380 
1 6397 
1 6408 
1 6418 
1 6425 
1 6464 
1 6488 
1 6496 
1 6521 
1 6552 
1 6558 
1 6606 
1 6613 
1 6623 
1 6626 
1 6632 
1 6672 
1 6698 
1 6706 
1 6766 
1 6780 
1 6788 
1 6799 
1 6852 
1 6880 
1 6888 
1 6906 
1 6926 
1 6940 
1 6952 
1 6962 
1 7009 
1 7011 
1 7069 
1 7183 
1 7184 
1 7661 
1 7808 
1 7864 
1 7890 
